2.749479649164767066e-03 3.549116338296439608e+03 9.109174842476370036e-10 5.010899905043934484e-09 8.096892711766629641e-03
4.124219473747150165e-03 3.557465386494415725e+03 8.304487770895173540e-10 4.489043050802206562e-09 1.011973131704271486e-02
5.498959298329534132e-03 3.566656859657214227e+03 1.125984581905446322e-09 6.286325202459247112e-09 1.432392146262495038e-02
6.873699122911917231e-03 3.414038692276741131e+03 1.558773636387777194e-09 9.360846639243502298e-09 1.450340661391508364e-02
8.248438947494300330e-03 3.360391365323275750e+03 1.471425567964816473e-09 7.498634026817072021e-09 1.389381034803526677e-02
9.623178772076685164e-03 3.283433843600836553e+03 1.829798685707032074e-09 8.792580570745778290e-09 1.332065540886380461e-02
1.099791859665906826e-02 3.142838635478704873e+03 2.324971807250606827e-09 1.076228142904326692e-08 1.269879888114872936e-02
1.237265842124144963e-02 3.052916264151532232e+03 2.937893398562538274e-09 1.292547347989776443e-08 1.269311206021415776e-02
1.374739824582383446e-02 2.948164721145026306e+03 3.684149329893773522e-09 1.562142221616933318e-08 1.288115052883540002e-02
1.512213807040621756e-02 2.835705341639440576e+03 4.876201015643094305e-09 2.016832727071286882e-08 1.240552195625723754e-02
1.649687789498860066e-02 2.730022565835142359e+03 6.330647247782704943e-09 2.605757187490661088e-08 1.216156982041701785e-02
1.787161771957098549e-02 2.624823920273475323e+03 8.028835918585710349e-09 3.150785654432206658e-08 1.193889714902681212e-02
1.924635754415337033e-02 2.525000531983296696e+03 9.820180754530910062e-09 3.644135178929845159e-08 1.067949208641124151e-02
2.062109736873575169e-02 2.422875820706457944e+03 1.250719990874041548e-08 4.520955297603154736e-08 9.609094170815435029e-03
2.199583719331813653e-02 2.314727387821012599e+03 1.532613072469824463e-08 5.437905831382499762e-08 9.089524656880718090e-03
2.337057701790051789e-02 2.216113090237135111e+03 1.885298883137427561e-08 6.606834972827705050e-08 8.233434744892791091e-03
2.474531684248289926e-02 2.102716669286734486e+03 2.285357762605283265e-08 7.965534403316423639e-08 7.540866366626514106e-03
2.612005666706528756e-02 2.003658056385143936e+03 2.751442212508207953e-08 9.576000205001951817e-08 6.869166790856337350e-03
2.749479649164766892e-02 1.903040202695487096e+03 3.294260686384806604e-08 1.137670548910294925e-07 6.288235154210000330e-03
2.886953631623005376e-02 1.806203411637981617e+03 4.003330254721984087e-08 1.462731898298726682e-07 5.893631987595219883e-03
3.024427614081243512e-02 1.721604317958539013e+03 4.663388295503242206e-08 1.579612483862378063e-07 5.514341761203052708e-03
3.161901596539481996e-02 1.628380837597490654e+03 5.584181506804965615e-08 1.959440695334632126e-07 5.016577825037700847e-03
3.299375578997720132e-02 1.536320830506390166e+03 6.402340919130784885e-08 2.120694052332173447e-07 4.641808641661954345e-03
3.436849561455958268e-02 1.448095803978757431e+03 7.073898598971655466e-08 2.147159042933073638e-07 4.309104219564411156e-03
3.574323543914197099e-02 1.345968966475631987e+03 1.639945949777765226e-07 7.088327347506213739e-07 4.062086499204883502e-03
3.711797526372435235e-02 1.248352025194263206e+03 8.825442698930819872e-08 2.947903607374938957e-07 3.896105509541245970e-03
3.849271508830674066e-02 1.150459487316588366e+03 1.193248878317335521e-07 5.816404143130719853e-07 3.727039430334148657e-03
3.986745491288911508e-02 1.050804125533559727e+03 1.949923350839534862e-07 2.506129243983318764e-06 3.623930762489152579e-03
4.124219473747150339e-02 9.613721570971665642e+02 1.038831009777233250e-06 1.948529116732537867e-05 3.573087671617682440e-03
4.261693456205388475e-02 8.706147328477029532e+02 4.959094817371658392e-06 9.458053187086372284e-05 3.608844829625372681e-03
4.399167438663627305e-02 7.905257889115900980e+02 1.798277362908152010e-05 3.546414512189513578e-04 3.724743465223927935e-03
4.536641421121864748e-02 7.145480155559636160e+02 6.019185414929821326e-05 1.158376812882433264e-03 3.910527295520344754e-03
4.674115403580103578e-02 6.516125244045142608e+02 1.596986682572498035e-04 2.944099755781067439e-03 3.937605628622928289e-03
4.811589386038342409e-02 6.107521928722992470e+02 3.480777873452106435e-04 5.757554735943607067e-03 3.615223419230689100e-03
4.949063368496579851e-02 6.004980419046693214e+02 7.135434090110063469e-04 9.412727441684195367e-03 2.859770983341653958e-03
5.086537350954819375e-02 6.376065092247139319e+02 1.403943411333033551e-03 1.324721633687764299e-02 1.963895052005149543e-03
5.224011333413057512e-02 7.285191402379800820e+02 2.742645315348817090e-03 1.688818516649254892e-02 1.120430242024485689e-03
5.361485315871294954e-02 7.821811830891996351e+02 5.241836193646007801e-03 1.798101943312736123e-02 5.072681531733344313e-04
5.498959298329533785e-02 7.308663936652048960e+02 8.121397531109304790e-03 1.536692841290822342e-02 2.058052805821717127e-04
5.636433280787771921e-02 6.673356940705039051e+02 9.917977709035569536e-03 1.095787709059320783e-02 1.069134429054383967e-04
5.773907263246010751e-02 6.061702891573543184e+02 8.933552844311132279e-03 7.324789411674219840e-03 2.616142566773075749e-04
5.911381245704249582e-02 4.038470591648622872e+02 9.301918394197110015e-03 5.172493777448964811e-03 2.390537582270993010e-04
6.048855228162487024e-02 2.647672526090981933e+02 8.327942325060807768e-03 2.257611188606718430e-03 3.403119415786240312e-04
6.186329210620725161e-02 1.876899478732076432e+02 5.996904290156824732e-03 7.160804577197718221e-04 4.813668913129052086e-04
6.323803193078963991e-02 1.334182209852518781e+02 3.288346298692068626e-03 3.403784833885615591e-04 5.928671593632140998e-04
6.461277175537202822e-02 9.946245995174786003e+01 2.335750984575421345e-03 3.527291187097259992e-04 4.662169497269255582e-04
6.598751157995440264e-02 8.182092270830422365e+01 2.047214022649828085e-03 3.875303640618030275e-04 3.548622708925355676e-04
6.736225140453679094e-02 6.890016369048051104e+01 1.798455323864238398e-03 3.820806485662106393e-04 3.486728129131488082e-04
6.873699122911916537e-02 5.933453100194151375e+01 1.569015357629330223e-03 4.122277813082876889e-04 3.800608202143340502e-04
7.011173105370155367e-02 5.065879423517129965e+01 1.350718972552607125e-03 4.611154681529559146e-04 4.144119352540925416e-04
7.148647087828394198e-02 4.411165895396124625e+01 1.107110047383256732e-03 4.995186221683486439e-04 4.457581387948242498e-04
7.286121070286631640e-02 3.897471131171536030e+01 8.382174689312015285e-04 5.035752737190601425e-04 4.549794276624934131e-04
7.423595052744870471e-02 3.437108972281536978e+01 5.780045006643525505e-04 4.790454337971486931e-04 4.774958017024092467e-04
7.561069035203109301e-02 3.035890973876823651e+01 3.995526978022057875e-04 4.541695927520392737e-04 4.955893570634050489e-04
7.698543017661348131e-02 2.686615927453458141e+01 2.751861879843176917e-04 4.169371675968088094e-04 5.136265474226348830e-04
7.836017000119584186e-02 2.388670746232145703e+01 1.926694172466730521e-04 3.811267818992729989e-04 5.104163534584466207e-04
7.973490982577823016e-02 2.115332709675242384e+01 1.304280873248418347e-04 3.531029326513472058e-04 5.114332377202810082e-04
8.110964965036060459e-02 1.864013807595755523e+01 9.665021325626376759e-05 3.204491729725690422e-04 5.135713736939969635e-04
8.248438947494300677e-02 1.627894754783240572e+01 7.100771714330767577e-05 3.095650626013512216e-04 5.036841932906426173e-04
8.385912929952539507e-02 1.412897271477010541e+01 6.390907952831015348e-05 2.900935544684223500e-04 4.961522484608010082e-04
8.523386912410776950e-02 1.205370661894374251e+01 5.037665037305582568e-05 3.002147329897705873e-04 4.874261664558121382e-04
8.660860894869015780e-02 1.023478105229351698e+01 5.550695704453308045e-05 3.428703180358549777e-04 5.138688517402504935e-04
8.798334877327254611e-02 8.624966532351642456e+00 6.466225621691992569e-05 3.730753923282771264e-04 5.289219050572872664e-04
8.935808859785490665e-02 7.013052082370294649e+00 6.021605416446487914e-05 4.474667477450780290e-04 5.755660645817007844e-04
9.073282842243729496e-02 5.723952911102253793e+00 7.061416164810218308e-05 4.936107632580305753e-04 6.270584104350273268e-04
9.210756824701968326e-02 4.606024756945735099e+00 7.972474855848003751e-05 5.496394019470488739e-04 6.987314515552662305e-04
9.348230807160207156e-02 3.731256650853466361e+00 8.543895377752170120e-05 5.594876970676462315e-04 7.233713950392918566e-04
9.485704789618444599e-02 2.958047916939102517e+00 9.144794846114898232e-05 5.353758212298688739e-04 7.969798647274858655e-04
9.623178772076684817e-02 2.344264388120954390e+00 1.034733312472514607e-04 4.802477135163423080e-04 8.633753415880747678e-04
9.760652754534923647e-02 1.893645362181722636e+00 1.126474467891462150e-04 3.993084795184537726e-04 9.066409877896941224e-04
9.898126736993159702e-02 1.461186457648090853e+00 1.162312783252122619e-04 2.850746210436621501e-04 9.603826719715881496e-04
1.003560071945139853e-01 1.264515297317882370e+00 1.239845300697165246e-04 2.161167342035434234e-04 9.712781061442832568e-04
1.017307470190963875e-01 1.000000000000000000e+00 1.057172377826076952e-04 1.732329906565683859e-04 1.017770249941076822e-03
